157718
157719
157730
157732
157733
157734
157735
157736
157737
157738
157739
157740
157741
157742
157743
157744
157745
157751
157752
157753
157754
157756
157757
157758
157759
157760
157762
157764
157765
157767
157768
157769
157771
157772
157773
157775
157776
157777
157779
157780
157781
157783
157784
157785
157786
157788
157789
157790
157791
157792
157793
157795
157796
157797
157799
157800
157801
157802
157803
157804
157805
157806
157807
157808
157809
157810
157811
157812
157814
157815
157816
157817
157818
157821
157822
157823
157824
157825
157826
157827
157828
157829
157830
157831
157832
157833
157834
157835
157836
157837
157838
157840
157841
157842
157843
157844
157847
157848
157849
157850
157852
157854
157856
157857
157858
157859
157860
157863
157867
157868
157869
157870
157872
157873
157875
157876
157877
157879
157881
157882
157886
157887
157888
157890
157891
157893
157894
157895
157897
157900
157901
157903
157904
157906
157909
157913
157919
157921
157924
157936
157939
157942
157944
157945
157948
157949
157950
157951
157953
157954
157955
157956
157957
157958
157959
157960
157962
157963
157965
157966
157967
157968
157969
157970
157971
157972
157973
157974
157975
157976
157977
157978
157980
157981
157982
157984
157985
157986
157987
157988
157990
157993
157995
157996
157998
158001
158005
158007
158010
158012
158015
158017
158018
158023
158025
158027
158029
158031
158033
158037
158038
158039
158041
158045
158046
158048
158051
158053
158056
158061
158062
158065
158072
158073
158074
158077
158080
158083
158085
158087
158090
158092
158095
158097
158102
158103
158106
158108
158111
158117
158119
158120
158122
158123
158124
158125
158126
158127
158128
158129
158131
158132
158133
158136
158137
158138
158139
158140
158141
158143
158144
158145
158147
158150
158151
158153
158154
158155
158157
158158
158159
158160
158162
158164
158165
158166
158169
158170
158172
158174
158176
158177
158179
158180
158181
158182
158183
158184
158185
158186
158188
158189
158190
158191
158192
158193
158194
158195
158197
158198
158199
158200
158202
158204
158205
158206
158208
158209
158210
158212
158214
158215
158218
158219
158220
158222
158223
158224
158226
158227
158229
158230
158231
158232
158233
158234
158235
158236
158237
158238
158239
158240
158242
158243
158244
158245
158246
158247
158248
158249
158250
158251
158253
158254
158255
158257
158258
158259
158261
158263
158264
158265
158266
158267
158268
158269
158270
158271
158272
158275
158276
158277
158279
158280
158281
158282
158283
158284
158285
158286
158288
158289
158290
158291
158292
158293
158294
158295
158296
158297
158298
158300
158301
158302
158303
158304
158305
158306
158307
158310
158311
158313
158318
158319
158320
158322
158323
158324
158325
158326
158327
158328
158329
158330
158331
158332
158333
158334
158335
158336
158337
158338
158339
158340
158341
158342
158343
158344
158345
158346
158347
158348
158349
158350
158351
158352
158353
158354
158355
158356
158357
158358
158359
158360
158361
158362
158363
158364
158365
158366
158367
158368
158369
158371
158372
158373
158374
158377
158378
158379
158380
158381
158382
158384
158385
158386
158387
158388
158389
158390
158391
158392
158393
158394
158395
158396
158397
158398
158399
158416
158418
158420
158421
158423
158424
158426
158427
158428
158430
158431
158432
158433
158434
158435
158436
158437
158438
158439
158440
158441
158442
158443
158444
158445
158446
158447
158448
158449
158450
158451
158452
158453
158454
158455
158456
158457
158458
158459
158460
158461
158462
158463
158464
158465
158466
158467
158468
158469
158470
158471
158472
158473
158474
158475
158476
158477
158478
158479
158480
158481
158482
158483
158484
158485
158486
158487
158488
158489
158490
158491
158492
158493
158494
158495
158496
158497
158498
158499
158500
158501
158502
158503
158504
158505
158506
158507
158508
158509
158510
158511
158512
158513
158514
158515
158516
158517
158518
158519
158520
158521
158522
158523
158524
158525
158526
158527
158528
158529
158530
158531
158532
158533
158535
158536
158537
158538
158539
158540
158541
158542
158543
158544
158545
158546
158547
158548
158549
158550
158551
158552
158554
158555
158556
158557
158558
158560
158561
158563
158564
158566
158568
158569
158570
158571
158572
158574
158575
158576
158577
158578
158579
158581
158583
158584
158586
158588
158589
158590
158591
158592
158593
158594
158595
158603
158605
158606
158607
158608
158609
158610
158611
158616
158617
158618
158620
158621
158622
158624
158625
158626
158627
158630
158631
158632
158633
158634
158635
158636
158637
158638
158639
158640
158641
158642
158645
158648
158650
158652
158653
158655
158657
158658
158660
158661
158662
158664
158665
158668
158669
158670
158671
158672
158673
158674
158675
158677
158678
158679
158681
158682
158686
158690
158691
158694
158697
158698
158699
158700
158701
158704
158705
158706
158707
158708
158709
158710
158711
158712
158714
158715
158718
158720
158721
158723
158739
158745
158753
158756
158764
158766
158767
158768
158770
158773
158777
158779
158782
158783
158785
158788
158790
158792
158794
158798
158801
158803
158806
158808
158811
158812
158813
158815
158816
158817
158818
158819
158820
158822
158826
158827
158828
158829
158831
158833
158838
158840
158841
158842
158843
158844
158845
158846
158847
158849
158850
158851
158863
158864
158865
158866
158867
158868
158869
158870
158872
158873
158874
158875
158876
158877
158878
158880
158881
158883
158884
158885
158886
158887
158888
158889
158890
158891
158892
158893
158894
158895
158896
158897
158898
158899
158900
158901
158902
158903
158904
158905
158906
158909
158910
158911
158914
158915
158917
158920
158921
158923
158924
158925
158926
158928
158930
158931
158933
158934
158935
158936
158937
158938
158939
158940
158942
158944
158945
158946
158948
158949
158951
158953
158954
158956
158957
158958
158960
158961
158963
158964
158966
158967
158968
158969
158970
158971
158973
158974
158975
158976
158977
158979
158980
158981
158982
158983
158984
158985
158986
158987
158988
158990
158991
158992
158993
158994
158996
159000
159001
159002
159003
159004
159006
159007
159008
159010
159011
159012
159013
159014
159016
159017
159019
159020
159023
159024
159025
159028
159029
159032
159034
159035
159037
159040
159042
159043
159044
159045
159047
159049
159050
159051
159052
159053
159054
159058
159059
159061
159063
159066
159067
159068
159069
159071
159072
159074
159076
159077
159080
159081
159083
159085
159087
159089
159091
159093
159094
159096
159098
159099
159100
159102
159103
159105
159106
159107
159108
159111
159112
159113
159114
159116
159117
159118
159119
159121
159122
159123
159125
159126
159128
159129
159130
159131
159132
159134
159135
159136
159137
159138
159139
159140
159141
159142
159143
159144
159145
159146
159147
159148
159149
159150
159151
159152
159153
159154
159155
159156
159157
159158
159159
159160
159161
159162
159163
159164
159165
159166
159167
159168
159169
159170
159171
159172
159173
159174
159175
159176
159177
159178
159179
159180
159181
159182
159183
159184
159185
159186
159187
159188
159189
159190
159191
159192
159193
159194
159195
159196
159197
159198
159199
159200
159201
159202
159203
159204
159205
159206
159207
159208
159209
159210
159211
159212
159213
159214
159215
159216
159217
159218
159219
159220
159221
159222
159223
159224
159225
159226
159227
159228
159229
159230
159231
159232
159233
159234
159235
159236
159237
159238
159239
159240
159241
159242
159243
159244
159245
159246
159248
159250
159252
159253
159255
159257
159259
159260
159261
159262
159265
159266
159267
159268
159269
159270
159271
159272
159273
159274
159275
159276
159277
159278
159279
159280
159281
159282
159283
159284
159285
159286
159287
159288
159289
159290
159291
159292
159293
159295
159296
159297
159298
159299
159300
159301
159302
159303
159304
159305
159306
159307
159308
159309
159310
159311
159312
159313
159314
159315
159316
159317
159318
159319
159320
159321
159322
159323
159324
159325
159326
159327
159328
159329
159330
159331
159332
159333
159334
159335
159336
159337
159338
159339
159340
159341
159342
159343
159344
159345
159346
159347
159348
159349
159350
159351
159352
159353
159354
159355
159356
159357
159358
159359
159360
159361
159362
159363
159364
159365
159366
159367
159368
159369
159370
159371
159372
159373
159374
159375
159376
159377
159378
159379
159380
159381
159382
159383
159384
159385
159386
159400
159407
159408
159410
159411
159412
159413
159414
159415
159416
159417
159418
159419
159420
159421
159422
159423
159424
159425
159426
159427
159428
159429
159430
159431
159432
159433
159434
159435
159436
159437
159438
159439
159440
159441
159442
159443
159444
159445
159446
159447
159448
159449
159450
159451
159452
159453
159454
159455
159456
159457
159458
159459
159461
159462
159463
159464
159465
159466
159467
159469
159470
159471
159472
159473
159474
159475
159476
159477
159480
159481
159483
159486
159487
159489
159490
159492
159494
159495
159497
159499
159500
159501
159502
159503
159505
159506
159507
159509
159510
159511
159514
159516
159517
159518
159520
159521
159522
159523
159524
159526
159527
159528
159529
159530
159531
159534
159535
159536
159539
159540
159542
159543
159545
159547
159549
159550
159551
159553
159554
159555
159556
159558
159559
159560
159561
159563
159564
159565
159566
159567
159568
159569
159570
159571
159572
159574
159575
159576
159577
159578
159579
159580
159581
159583
159584
159585
159586
159587
159588
159589
159590
159591
159592
159594
159595
159596
159597
159598
159599
159600
159601
159602
159603
159604
159605
159606
159607
159608
159609
159610
159611
159612
159614
159615
159616
159618
159619
159620
159621
159622
159623
159624
159625
159626
159627
159628
159629
159630
159631
159632
159633
159634
159635
159636
159637
159638
159639
159640
159641
159642
159643
159644
159645
159646
159647
159648
159649
159650
159651
159652
159653
159654
159655
159656
159657
159658
159659
159660
159662
159663
159665
159667
159668
159672
159673
159674
159675
159676
159677
159678
159679
159680
159681
159682
159683
159684
159685
159686
159687
159688
159689
159690
159691
159692
159693
159694
159695
159696
159697
159698
159699
159700
159701
159702
159703
159704
159705
159707
159708
159709
159710
159711
159712
159713
159714
159715
159716
159717
159718
159719
159720
159721
159722
159723
159724
159725
159726
159727
159728
159729
159731
159732
159733
159734
159735
159736
159738
159739
159740
159741
159742
159743
159744
159745
159747
159748
159749
159750
159751
159753
159754
159755
159756
159757
159759
159760
159762
159763
159764
159765
159766
159767
159768
159769
159770
159771
159773
159774
159775
159776
159778
159779
159780
159781
159782
159783
159784
159785
159786
159787
159788
159789
159790
159791
159792
159794
159796
159797
159798
159799
159800
159801
159804
159805
159806
159807
159808
159809
159810
159811
159813
159814
159815
159819
159820
159821
159822
159823
159824
159825
159826
159827
159828
159829
159830
159832
159833
159834
159835
159836
159837
159839
159840
159841
159842
159843
159844
159845
159846
159848
159851
159852
159853
159855
159856
159857
159862
159863
159864
159865
159867
159868
159869
159873
159874
159875
159876
159878
159879
159880
159881
159882
159883
159885
159886
159890
159891
159893
159894
159896
159897
159898
159899
159900
159902
159904
159906
159907
159908
159910
159911
159912
159913
159914
159915
159919
159920
159921
159922
159923
159925
159926
159927
159928
159929
159930
159931
159932
159934
159935
159937
159939
159940
159944
159946
159947
159948
159952
159953
159954
159955
159956
159958
159959
159960
159961
159963
159965
159966
159967
159969
159971
159972
159974
159975
159976
159978
159979
159982
159983
159984
159985
159986
159989
159990
159991
159992
159993
159997
159998
159999
160000
160002
160004
160006
160007
160009
160011
160012
160015
160016
160017
160020
160021
160022
160023
160029
160030
160032
160033
160034
160035
160036
160037
160038
160041
160042
160043
160046
160047
160049
160051
160052
160053
160054
160055
160056
160060
160061
160062
160063
160064
160066
160067
160068
160069
160071
160073
160074
160075
160076
160078
160079
160080
160081
160082
160083
160084
160085
160086
160087
160088
160089
160090
160091
160092
160093
160094
160095
160096
160097
160098
160099
160100
160101
160102
160103
160104
160108
160109
160112
160113
160114
160115
160116
160117
160118
160119
160120
160121
160122
160123
160124
160125
160127
160128
160129
160130
160131
160132
160133
160134
160135
160136
160138
160139
160140
160141
160142
160143
160144
160145
160146
160147
160148
160149
160150
160151
160152
160153
160154
160155
160156
160157
160158
160159
160161
160162
160163
160164
160165
160166
160167
160169
160171
160172
160174
160175
160176
160177
160178
160179
160180
160181
160182
160183
160184
160185
160186
160187
160188
160189
160190
160191
160192
160193
160195
160197
160198
160199
160200
160201
160203
160204
160205
160206
160207
160209
160211
160212
160213
160214
160216
160218
160219
160220
160222
160224
160225
160226
160228
160229
160230
160231
160232
160235
160236
160237
160238
160239
160240
160241
160242
160243
160244
160246
160247
160248
160250
160251
160253
160254
160255
160256
160258
160259
160260
160262
160265
160266
160267
160268
160269
160270
160271
160272
160273
160274
160275
160276
160277
160278
160279
160281
160282
160283
160284
160285
160286
160287
160289
160290
160291
160293
160294
160295
160296
160299
160300
160301
160302
160303
160304
160305
160306
160307
160308
160309
160310
160312
160313
160315
160316
160317
160318
160319
160320
160321
160323
160324
160325
160326
160327
160329
160330
160332
160333
160334
160335
160337
160338
160339
160340
160341
160342
160343
160344
160345
160346
160347
160348
160350
160351
160352
160353
160354
160355
160356
160357
160358
160360
160361
160362
160363
160364
160365
160366
160367
160369
160370
160371
160373
160374
160375
160377
160378
160379
160381
160382
160383
160385
160386
160387
160388
160390
160391
160393
160396
160397
160398
160399
160401
160402
160403
160404
160405
160406
160407
160408
160409
160410
160411
160413
160415
160416
160418
160420
160421
160422
160424
160425
160427
160428
160430
160431
160434
160435
160436
160437
160438
160440
160442
160443
160444
160446
160447
160448
160449
160451
160453
160455
160457
160458
160461
160463
160464
160467
160469
160471
160472
160474
160475
160477
160479
160480
160481
160483
160484
160486
160487
160488
160489
160491
160492
160493
160494
160495
160496
160500
160505
160506
160507
160509
160510
160511
160512
160517
160519
160520
160522
160524
160527
160528
160529
160530
160532
160541
160544
160548
160550
160553
160555
160556
160559
160561
160562
160564
160566
160568
160569
160571
160573
160574
160576
160578
160580
160582
160584
160586
160589
160591
160594
160595
160599
160602
160604
160608
160610
160611
160612
160614
160615
160616
160617
160618
160621
160622
160623
160625
160627
160628
160630
160632
160633
160636
160637
160638
160639
160642
160644
160645
160647
160648
160649
160651
160652
160654
160656
160658
160661
160662
160665
160667
160670
160676
160681
160682
160684
160685
160686
160689
160694
160696
160699
160700
160702
160704
160705
160709
160710
160711
160712
160713
160714
160715
160716
160717
160718
160720
160721
160722
160723
160724
160725
160726
160727
160729
160730
160732
160734
160735
160736
160737
160738
160739
160741
160742
160743
160744
160745
160746
160748
160749
160750
160753
160754
160756
160757
160758
160761
160764
160765
160766
160767
160768
160769
160770
160771
160772
160773
160774
160775
160776
160777
160778
160779
160780
160781
160782
160783
160787
160788
160789
160790
160791
160792
160793
160794
160796
160806
160807
160808
160809
160810
160811
160812
160813
160814
160815
160816
160817
160818
160819
160820
160821
160822
160825
160827
160828
160830
160831
160832
160833
160834
160837
160838
160841
160842
160845
160847
160848
160849
160851
160852
160853
160854
160855
160856
160857
160858
160859
160860
160861
160862
160864
160865
160866
160868
160869
160870
160871
160873
160874
160875
160877
160878
160880
160881
160882
160884
160885
160886
160887
160888
160889
160890
160892
160893
160894
160895
160896
160897
160898
160899
160901
160903
160905
160906
160907
160908
160909
160910
160911
160912
160913
160915
160916
160917
160918
160921
160922
160924
160934
160936
160937
160938
160939
160941
160942
160944
160945
160946
160947
160948
160949
160950
160951
160952
160953
160954
160955
160956
160957
160958
160959
160960
160961
160962
160963
160964
160965
160966
160967
160968
160969
160970
160971
160972
160974
160975
160978
160979
160980
160981
160982
160983
160984
160985
160986
160989
160990
160991
160992
160993
160995
160996
160997
160998
161000
161002
161005
161006
161007
161009
161010
161012
161014
161015
161016
161019
161022
161023
161024
161026
161027
161029
161033
161035
161036
161038
161040
161042
161043
161045
161046
161047
161048
161050
161051
161052
161053
161054
161055
161056
161057
161058
161060
161061
161062
161063
161065
161067
161070
161071
161074
161075
161077
161078
161080
161081
161083
161086
161087
161089
161091
161092
161095
161096
161102
161103
161104
161107
161108
161109
161111
161112
161113
161114
161115
161118
161120
161121
161122
161123
161126
161127
161128
161129
161130
161131
161132
161133
161134
161135
161137
161139
161141
161142
161143
161144
161145
161147
161148
161153
161154
161157
161159
161160
161164
161166
161167
161168
161169
161174
161176
161177
161179
161181
161182
161185
161186
161187
161188
161189
161190
161191
161192
161193
161194
161195
161197
161198
161199
161200
161201
161202
161203
161204
161205
161206
161207
161209
161210
161211
161212
161213
161214
161215
161216
161217
161218
161219
161220
161221
161222
161224
161225
161226
161227
161231
161234
161235
161236
161237
161239
161240
161241
161242
161244
161246
161247
161248
161249
161250
161252
161253
161255
161256
161258
161259
161260
161263
161264
161265
161266
161267
161268
161271
161272
161273
161275
161277
161278
161280
161281
161282
161284
161285
161286
161290
161292
161293
161295
161297
161298
161299
161300
161301
161302
161303
161304
161305
161307
161308
161310
161311
161312
161314
161316
161319
161321
161323
161325
161326
161328
161329
161330
161331
161332
161333
161335
161336
161338
161342
161343
161350
161352
161356
161361
161362
161363
161364
161366
161367
161368
161369
161370
161371
161372
161373
161374
161375
161376
161377
161378
161379
161380
161381
161382
161383
161384
161385
161386
161387
161388
161389
161390
161391
161392
161393
161394
161395
161396
161397
161398
161399
161400
161401
161402
161403
161404
161405
161406
161407
161408
161409
161410
161411
161412
161413
161414
161415
161417
161418
161419
161420
161421
161422
161423
161424
161425
161426
161427
161428
161429
161430
161432
161433
161435
161436
161437
161438
161439
161440
161441
161442
161443
161444
161445
161447
161448
161449
161450
161451
161452
161453
161454
161455
161456
161457
161458
161459
161460
161461
161462
161463
161464
161465
161466
161467
161468
161469
161470
161471
161472
161473
161474
161475
161476
161477
161479
161480
161481
161482
161483
161484
161485
161486
161487
161488
161489
161490
161491
161492
161493
161494
161495
161496
161498
161499
161500
161502
161503
161505
161507
161508
161509
161510
161511
161512
161514
161515
161516
161517
161518
161519
161520
161521
161524
161525
161526
161527
161528
161529
161530
161532
161535
161536
161538
161539
161540
161542
161544
161545
161547
161548
161550
161551
161552
161553
161555
161556
161557
161558
161559
161560
161561
161562
161563
161565
161566
161567
161568
161569
161570
161571
161573
161574
161575
161576
161577
161578
161579
161580
161582
161583
161584
161585
161587
161590
161591
161592
161594
161595
161597
161599
161600
161603
161604
161605
161609
161611
161613
161614
161615
161616
161619
161620
161621
161623
161624
161625
161627
161629
161631
161632
161633
161634
161636
161637
161638
161640
161641
161644
161645
161646
161647
161648
161650
161652
161653
161654
161655
161657
161661
161663
161665
161667
161669
161670
161671
161674
161675
161676
161678
161679
161680
161681
161682
161683
161684
161685
161686
161687
161688
161689
161690
161691
161692
161694
161695
161696
161699
161701
161703
161704
161706
161708
161709
161712
161713
161716
161717
161718
161719
161720
161721
161722
161723
161724
161725
161726
161727
161728
161730
161731
161732
161733
161734
161735
161736
161737
161738
161739
161740
161741
161742
161743
161744
161746
161747
161748
161749
161751
161752
161753
161754
161756
161757
161758
161759
161760
161761
161762
161764
161769
161770
161771
161772
161773
161774
161775
161777
161778
161779
161781
161782
161783
161784
161785
161786
161787
161788
161789
161790
161791
161792
161793
161794
161795
161797
161798
161799
161800
161801
161802
161804
161805
161806
161807
161808
161809
161810
161812
161813
161814
161815
161816
161817
161818
161819
161820
161821
161822
161823
161824
161825
161826
161827
161828
161829
161830
161831
161832
161833
161834
161835
161836
161837
161838
161839
161841
161842
161843
161846
161847
161848
161849
161850
161851
161852
161853
161854
161856
161857
161858
161859
161860
161861
161863
161864
161865
161867
161868
161869
161870
161872
161873
161874
161875
161876
161878
161883
161885
161888
161889
161890
161892
161893
161894
161895
161896
161898
161899
161900
161901
161904
161905
161906
161907
161909
161911
161912
161913
161915
161916
161917
161918
161920
161922
161923
161924
161925
161926
161927
161928
161929
161930
161931
161932
161935
161938
161939
161940
161941
161942
161943
161944
161945
161946
161947
161948
161950
161951
161952
161953
161954
161955
161956
161957
161958
161959
161960
161961
161962
161963
161964
161965
161966
161967
161968
161969
161970
161971
161972
161973
161974
161975
161976
161977
161978
161979
161980
161981
161982
161983
161985
161986
161987
161988
161989
161990
161991
161992
161993
161994
161995
161996
161997
161998
162000
162001
162002
162003
162006
162007
162008
162011
162012
162014
162016
162019
162020
162024
162025
162026
162028
162036
162037
162038
162039
162040
162041
162042
162049
162050
162052
162053
162054
162055
162057
162058
162059
162060
162061
162062
162063
162064
162065
162066
162067
162068
162069
162072
162073
162074
162075
162076
162078
162080
162081
162082
162084
162087
162088
162089
162090
162091
162093
162095
162096
162098
162099
162103
162104
162105
162106
162107
162108
162109
162110
162111
162112
162113
162118
162119
162120
162122
162124
162126
162127
162129
162130
162132
162134
162135
162137
162138
162139
162140
162147
162150
162152
162153
162154
162155
162156
162158
162159
162161
162163
162165
162170
162171
162172
162173
162174
162175
162176
162177
162178
162179
162180
162181
162182
162183
162184
162185
162186
162187
162188
162189
162190
162191
162193
162197
162198
162200
162201
162202
162203
162205
162214
162217
162223
162224
162225
162226
162227
162228
162229
162232
162233
162234
162235
162237
162238
162239
162240
162241
162242
162243
162244
162245
162246
162247
162248
162249
162251
162253
162254
162255
162256
162259
162261
162264
162265
162266
162267
162268
162269
162270
162272
162273
162274
162275
162277
162278
162279
162280
162281
162282
162285
162286
162287
162289
162290
162291
162292
162293
162294
162295
162296
162297
162298
162299
162300
162301
162303
162306
162307
162308
162309
162310
162311
162312
162313
162314
162315
162316
162318
162319
162320
162321
162322
162323
162324
162325
162326
162327
162328
162329
162330
162331
162333
162334
162335
162336
162337
162341
162342
162344
162345
162346
162347
162349
162352
162353
162354
162356
162357
162358
162359
162360
162361
162362
162363
162365
162366
162367
162368
162369
162370
162372
162373
162374
162375
162376
162377
162378
162379
162380
162381
162382
162383
162384
162385
162386
162387
162388
162389
162390
162391
162392
162393
162394
162396
162397
162398
162399
162400
162401
162402
162403
162404
162405
162406
162407
162408
162409
162410
162411
162412
162413
162415
162416
162417
162418
162419
162420
162421
162422
162424
162425
162426
162427
162428
162429
162430
162431
162432
162433
162434
162435
162437
162438
162439
162440
162441
162442
162443
162444
162445
162446
162447
162448
162449
162450
162451
162452
162453
162454
162455
162456
162457
162458
162459
162460
162461
162462
162463
162464
162465
162466
162467
162468
162469
162470
162471
162472
162473
162474
162475
162476
162477
162478
162479
162480
162481
162482
162483
162484
162485
162486
162487
162488
162489
162490
162491
162492
162493
162494
162495
162496
162497
162498
162499
162500
162504
162506
162507
162509
162510
162511
162512
162513
162514
162515
162516
162517
162518
162519
162520
162521
162522
162523
162524
162525
162526
162527
162528
162529
162530
162531
162532
162533
162534
162535
162536
162537
162538
162539
162540
162541
162542
162543
162544
162545
162546
162547
162548
162549
162550
162551
162552
162553
162554
162555
162556
162557
162558
162559
162560
162561
162562
162563
162564
162565
162566
162567
162568
162569
162570
162571
162572
162573
162574
162575
162576
162577
162578
162579
162580
162581
162582
162583
162584
162585
162586
162587
162588
162589
162590
162591
162592
162593
162594
162595
162596
162597
162599
162600
162601
162602
162603
162604
162605
162606
162607
162608
162609
162610
162615
162619
162621
162622
162623
162624
162625
162626
162627
162628
162629
162631
162633
162636
162637
162638
162640
162642
162643
162644
162645
162646
162647
162648
162649
162650
162651
162652
162653
162654
162655
162656
162657
162658
162659
162660
162661
162662
162663
162664
162665
162666
162667
162668
162669
162670
162671
162672
162673
162674
162675
162676
162677
162678
162679
162680
162681
162682
162683
162684
162685
162686
162687
162688
162689
162690
162691
162692
162693
162694
162695
162696
162699
162700
162701
162702
162703
162704
162705
162706
162707
162708
162709
162710
162711
162712
162713
162714
162715
162716
162718
162719
162721
162722
162724
162726
162728
162729
162730
162731
162732
162733
162734
162735
162736
162737
162738
162739
162740
162741
162742
162743
162744
162745
162746
162747
162748
162749
162750
162751
162753
162754
162755
162756
162757
162758
162759
162760
162761
162762
162763
162765
162766
162767
162768
162769
162770
162771
162772
162773
162774
162775
162776
162777
162778
162779
162780
162781
162782
162783
162785
162786
162787
162788
162789
162790
162792
162793
162794
162795
162796
162797
162798
162799
162800
162801
162802
162803
162804
162805
162807
162808
162809
162810
162811
162812
162813
162814
162815
162816
162817
162818
162819
162820
162821
162822
162823
162824
162825
162826
162827
162828
162829
162830
162831
162832
162833
162834
162835
162836
162837
162838
162839
162840
162841
162842
162843
162844
162845
162846
162847
162848
162849
162850
162851
162852
162853
162854
162855
162856
162857
162858
162859
162860
162861
162862
162864
162865
162866
162867
162868
162869
162870
162871
162872
162873
162874
162875
162876
162877
162878
162879
162880
162882
162883
162884
162885
162886
162887
162888
162889
162891
162892
162893
162894
162895
162896
162897
162898
162899
162900
162901
162902
162903
162904
162905
162906
162907
162908
162909
162910
162911
162912
162913
162914
162915
162916
162917
162918
162919
162920
162921
162922
162923
162925
162926
162927
162928
162929
162930
162931
162932
162933
162934
162935
162936
162937
162938
162939
162940
162941
162942
162943
162944
162945
162946
162947
162948
162950
162951
162952
162953
162954
162955
162956
162957
162958
162959
162961
162962
162963
162964
162965
162966
162967
162968
162969
162970
162971
162972
162973
162974
162975
162976
162977
162978
162979
162980
162981
162982
162983
162984
162985
162986
162987
162988
162989
162990
162991
162992
162993
162994
162995
162996
162997
162998
162999
163000
163001
163002
163003
163004
163005
163006
163007
163008
163009
163010
163011
163012
163013
163014
163015
163016
163017
163018
163019
163020
163022
163024
163025
163028
163029
163030
163031
163032
163033
163034
163035
163036
163038
163039
163040
163041
163042
163043
163044
163045
163046
163047
163048
163049
163050
163051
163052
163053
163054
163055
163056
163057
163058
163059
163060
163061
163062
163063
163064
163065
163066
163067
163068
163069
163070
163071
163072
163073
163074
163075
163076
163077
163078
163079
163080
163085
163087
163088
163089
163090
163091
163092
163093
163094
163095
163096
163097
163098
163099
163100
163101
163102
163103
163104
163106
163107
163108
163109
163110
163111
163112
163113
163114
163115
163116
163117
163120
163121
163123
163124
163125
163126
163127
163128
163129
163130
163131
163132
163133
163134
163135
163136
163137
163138
163139
163140
163141
163142
163143
163144
163145
163147
163148
163149
163150
163151
163152
163153
163154
163155
163156
163157
163158
163159
163160
163161
163162
163163
163164
163165
163167
163168
163169
163170
163171
163172
163173
163174
163175
163176
163177
163178
163179
163180
163181
163182
163183
163184
163185
163186
163187
163188
163189
163190
163191
163192
163193
163194
163196
163197
163198
163199
163201
163202
163203
163204
163205
163206
163207
163208
163209
163210
163211
163212
163213
163214
163215
163216
163217
163218
163219
163220
163221
163222
163223
163224
163225
163226
163227
163228
163229
163230
163231
163232
163233
163234
163235
163236
163237
163238
163239
163240
163241
163242
163243
163244
163245
163246
163248
163249
163250
163252
163253
163254
163255
163256
163257
163258
163259
163260
163261
163262
163263
163264
163265
163266
163267
163268
163269
163270
163271
163272
163273
163274
163275
163276
163277
163278
163279
163280
163281
163282
163283
163284
163285
163286
163287
163288
163289
163290
163294
163295
163296
163297
163298
163299
163300
163301
163302
163303
163304
163306
163307
163308
163309
163311
163312
163313
163314
163315
163316
163317
163320
163323
163325
163326
163327
163328
163329
163330
163331
163332
163333
163334
163335
163336
163337
163338
163339
163340
163341
163342
163344
163345
163346
163347
163350
163352
163356
163358
163359
163363
163364
163365
163367
163369
163370
163372
163374
163375
163376
163377
163378
163379
163380
163381
163382
163383
163384
163385
163386
163387
163388
163389
163390
163391
163392
163393
163394
163395
163396
163397
163398
163399
163400
163401
163402
163403
163404
163405
163406
163407
163408
163409
163410
163411
163412
163414
163415
163416
163417
163419
163420
163421
163422
163423
163424
163425
163426
163427
163428
163429
163430
163431
163432
163433
163434
163435
163436
163437
163438
163439
163440
163441
163442
163443
163444
163445
163449
163451
163452
163453
163454
163455
163456
163457
163458
163460
163462
163463
163464
163465
163466
163467
163468
163469
163470
163471
163472
163473
163475
163476
163477
163478
163481
163483
163484
163486
163488
163489
163490
163491
163492
163493
163494
163495
163496
163497
163498
163499
163500
163501
163502
163503
163504
163505
163507
163508
163509
163510
163511
163512
163513
163514
163515
163516
163517
163518
163520
163521
163522
163523
163524
163526
163527
163528
163529
163530
163531
163532
163533
163534
163536
163537
163538
163539
163540
163541
163542
163543
163544
163545
163546
163547
163548
163549
163550
163551
163552
163553
163554
163555
163556
163557
163558
163560
163561
163562
163564
163565
163566
163567
163568
163569
163570
163571
163572
163573
163574
163575
163576
163577
163578
163580
163581
163582
163583
163584
163585
163586
163587
163588
163589
163590
163591
163592
163593
163594
163595
163596
163597
163598
163599
163600
163601
163602
163603
163604
163605
163606
163607
163608
163609
163610
163611
163612
163613
163614
163615
163616
163617
163618
163619
163620
163621
163622
163623
163624
163625
163626
163627
163628
163629
163630
163631
163632
163633
163634
163635
163636
163637
163638
163639
163640
163642
163644
163645
163646
163647
163648
163650
163651
163652
163653
163654
163655
163656
163657
163658
163659
163660
163661
163662
163663
163664
163665
163666
163667
163668
163669
163670
163671
163672
163673
163674
163675
163676
163677
163678
163679
163680
163681
163682
163683
163684
163685
163686
163687
163688
163689
163690
163691
163692
163693
163694
163695
163696
163697
163698
163699
163700
163701
163702
163703
163704
163705
163706
163707
163708
163709
163710
163711
163714
163716
163717
163721
163722
163723
163724
163725
163726
163727
163728
163729
163730
163731
163732
163734
163735
163736
163737
163741
163742
163743
163744
163745
163746
163747
163748
163749
163750
163751
163752
163753
163754
163755
163756
163757
163758
163759
163760
163761
163762
163763
163764
163765
163766
163767
163768
163769
163770
163771
163772
163773
163774
163775
163776
163778
163779
163780
163781
163782
163783
163784
163785
163786
163787
163788
163789
163790
163791
163792
163793
163794
163795
163796
163797
163798
163803
163804
163805
163806
163807
163808
163809
163810
163811
163812
163813
163814
163815
163816
163817
163818
163819
163820
163821
163822
163823
163824
163825
163826
163827
163828
163829
163830
163831
163832
163833
163834
163835
163836
163840
163841
163842
163843
163844
163845
163846
163847
163848
163849
163850
163851
163852
163853
163854
163855
163856
163857
163858
163859
163860
163861
163862
163863
163864
163867
163868
163869
163870
163871
163872
163873
163874
163875
163876
163877
163878
163879
163880
163881
163882
163883
163884
163885
163886
163887
163888
163889
163890
163891
163892
163893
163894
163895
163896
163897
163898
163899
163900
163901
163902
163903
163904
163905
163906
163907
163908
163909
163910
163911
163912
163913
163914
163915
163916
163917
163918
163919
163920
163921
163922
163923
163924
163925
163926
163927
163928
163929
163930
163931
163932
163933
163935
163936
163937
163938
163939
163940
163941
163942
163944
163945
163946
163947
163948
163949
163950
163951
163952
163953
163954
163955
163956
163957
163958
163959
163960
163961
163962
163963
163964
163965
163966
163967
163968
163969
163970
163971
163972
163973
163974
163975
163976
163977
163978
163979
163980
163981
163982
163983
163984
163985
163986
163987
163988
163989
163990
163991
163992
163993
163994
163995
163996
163997
163998
163999
164000
164001
164002
164003
164004
164005
164006
164007
164008
164009
164010
164011
164012
164013
164014
164015
164016
164017
164018
164019
164020
164021
164022
164023
164024
164025
164026
164027
164028
164029
164030
164031
164032
164033
164034
164035
164036
164037
164038
164039
164040
164041
164042
164043
164044
164045
164046
164047
164048
164049
164050
164051
164052
164053
164054
164055
164056
164057
164058
164059
164060
164061
164062
164063
164064
164065
164066
164067
164068
164069
164070
164071
164072
164073
164080
164081
164082
164083
164085
164086
164087
164088
164089
164090
164092
164094
164096
164097
164098
164099
164101
164102
164103
164104
164105
164106
164107
164108
164109
164110
164111
164112
164113
164114
164115
164116
164117
164118
164119
164120
164121
164122
164123
164124
164125
164126
164127
164128
164129
164130
164131
164133
164134
164135
164136
164137
164138
164139
164140
164141
164142
164143
164144
164145
164146
164147
164148
164149
164150
164151
164152
164153
164154
164155
164156
164157
164158
164159
164160
164161
164162
164163
164164
164165
164166
164167
164168
164169
164172
164173
164174
164175
164176
164177
164178
164179
164180
164182
164183
164184
164185
164187
164188
164189
164190
164191
164193
164194
164195
164196
164197
164198
164199
164200
164201
164202
164203
164204
164205
164207
164208
164209
164210
164212
164213
164214
164215
164216
164217
164218
164219
164220
164222
164223
164224
164225
164226
164229
164230
164231
164232
164233
164234
164235
164236
164237
164238
164239
164240
164241
164242
164243
164244
164245
164246
164247
164248
164249
164250
164251
164252
164253
164254
164255
164256
164257
164258
164259
164260
164261
164262
164263
164264
164265
164266
164267
164268
164269
164270
164271
164272
164273
164274
164275
164276
164277
164278
164279
164280
164281
164282
164283
164284
164285
164286
164287
164288
164289
164290
164291
164292
164293
164294
164295
164296
164297
164298
164299
164301
164302
164303
164304
164305
164306
164307
164308
164309
164310
164311
164312
164313
164314
164316
164317
164318
164319
164320
164321
164322
164323
164324
164325
164326
164327
164328
164329
164330
164331
164332
164333
164334
164335
164336
164337
164338
164339
164340
164341
164342
164343
164345
164346
164347
164348
164349
164350
164351
164352
164353
164354
164355
164356
164359
164360
164361
164362
164363
164364
164365
164366
164367
164368
164369
164370
164371
164372
164373
164375
164376
164377
164378
164379
164380
164381
164382
164383
164384
164385
164386
164387
164388
164389
164390
164391
164392
164393
164394
164395
164399
164400
164401
164402
164403
164404
164405
164406
164407
164408
164409
164410
164411
164412
164413
164414
164415
164416
164417
164418
164419
164420
164421
164422
164424
164425
164426
164427
164428
164429
164430
164431
164432
164433
164434
164435
164436
164437
164438
164439
164440
164441
164442
164444
164445
164446
164448
164449
164450
164452
164453
164454
164455
164456
164457
164458
164459
164460
164461
164462
164463
164464
164465
164466
164467
164468
164469
164470
164474
164477
164478
164480
164481
164483
164484
164486
164487
164488
164489
164490
164491
164492
164493
164494
164495
164496
164497
164498
164499
164500
164501
164502
164503
164504
164505
164506
164507
164508
164511
164513
164514
164515
164516
164517
164518
164519
164520
164521
164522
164523
164524
164525
164526
164527
164528
164529
164530
164531
164532
164533
164534
164535
164536
164537
164538
164539
164540
164541
164542
164543
164544
164545
164546
164547
164548
164549
164550
164551
164552
164553
164554
164556
164557
164558
164561
164563
164566
164567
164568
164569
164570
164571
164572
164574
164575
164576
164577
164578
164579
164580
164581
164582
164583
164584
164585
164586
164587
164588
164589
164590
164591
164593
164594
164595
164596
164597
164598
164599
164600
164601
164603
164605
164606
164608
164609
164610
164611
164613
164614
164615
164616
164617
164622
164623
164624
164625
164626
164627
164628
164631
164632
164633
164634
164636
164637
164638
164639
164640
164643
164644
164645
164646
164647
164648
164649
164650
164651
164653
164654
164655
164656
164657
164659
164660
164661
164662
164663
164664
164665
164666
164667
164668
164669
164670
164671
164672
164673
164674
164675
164676
164677
164678
164679
164681
164683
164685
164686
164687
164688
164690
164691
164692
164693
164694
164695
164696
164698
164699
164700
164701
164702
164703
164704
164706
164707
164708
164709
164714
164716
164720
164721
164722
164723
164724
164726
164727
164729
164731
164733
164735
164737
164738
164739
164740
164741
164742
164743
164744
164745
164746
164747
164748
164749
164750
164751
164752
164753
164754
164755
164757
164758
164759
164760
164761
164762
164763
164764
164765
164767
164769
164770
164771
164772
164773
164774
164775
164776
164777
164778
164779
164780
164781
164782
164783
164784
164785
164786
164787
164789
164790
164791
164792
164794
164795
164796
164797
164798
164799
164800
164801
164802
164803
164804
164806
164807
164808
164809
164811
164812
164813
164814
164815
164818
164819
164820
164821
164822
164823
164824
164825
164826
164827
164828
164830
164831
164832
164833
164834
164835
164836
164837
164838
164839
164846
164849
164852
164853
164854
164855
164856
164857
164858
164859
164860
164861
164862
164863
164864
164865
164866
164867
164868
164869
164870
164872
164873
164874
164875
164876
164877
164878
164879
164880
164881
164882
164883
164884
164885
164887
164888
164889
164892
164894
164897
164898
164899
164902
164903
164904
164905
164906
164907
164908
164909
164910
164911
164912
164913
164914
164915
164917
164918
164919
164920
164921
164922
164923
164924
164925
164926
164927
164931
164932
164938
164939
164942
164943
164949
164951
164952
164953
164955
164956
164958
164959
164960
164961
164962
164963
164964
164965
164967
164969
164971
164972
164973
164974
164976
164977
164980
164981
164982
164983
164984
164985
164986
164987
164988
164989
164990
164991
164992
164993
164994
164995
164996
164997
164998
165001
165002
165003
165004
165005
165006
165007
165008
165009
165011
165012
165013
165014
165015
165016
165017
165018
165019
165020
165021
165026
165027
165028
165029
165030
165031
165033
165034
165035
165036
165037
165038
165039
165043
165044
165047
165051
165052
165053
165054
165055
165057
165058
165060
165061
165062
165063
165064
165065
165067
165068
165071
165072
165074
165075
165076
165078
165079
165080
165081
165082
165083
165084
165088
165089
165090
165091
165092
165093
165094
165095
165096
165097
165098
165099
165100
165101
165102
165103
165104
165105
165106
165107
165108
165109
165110
165111
165112
165113
165114
165115
165116
165117
165118
165120
165121
165122
165123
165124
165125
165126
165127
165128
165129
165130
165131
165132
165133
165134
165135
165136
165137
165138
165139
165140
165141
165142
165144
165145
165146
165147
165148
165149
165150
165151
165153
165154
165155
165156
165157
165158
165159
165160
165161
165162
165164
165165
165166
165168
165169
165170
165171
165172
165173
165174
165175
165176
165177
165178
165180
165181
165182
165183
165185
165186
165187
165188
165189
165190
165191
165192
165193
165194
165195
165197
165199
165200
165201
165202
165203
165204
165205
165206
165207
165208
165209
165210
165212
165213
165214
165215
165217
165218
165219
165220
165221
165222
165223
165224
165225
165226
165227
165228
165229
165230
165231
165233
165234
165235
165236
165237
165238
165240
165241
165242
165243
165244
165245
165246
165248
165249
165250
165251
165252
165254
165255
165256
165257
165258
165259
165260
165261
165262
165263
165264
165265
165266
165267
165268
165269
165270
165271
165272
165273
165274
165280
165289
165300
165303
165304
165305
165306
165307
165308
165309
165310
165311
165312
165313
165314
165315
165319
165320
165321
165324
165325
165327
165329
165330
165331
165333
165334
165335
165336
165337
165338
165339
165341
165342
165344
165345
165346
165348
165349
165350
165351
165352
165355
165356
165357
165359
165360
165362
165366
165367
165369
165370
165371
165372
165373
165374
165376
165378
165380
165381
165382
165383
165384
165385
165387
165388
165389
165391
165392
165393
165394
165396
165397
165398
165399
165401
165402
165403
165405
165408
165410
165411
165412
165415
165416
165417
165418
165420
165421
165423
165424
165425
165427
165429
165430
165432
165433
165434
165436
165437
165438
165440
165441
165442
165443
165450
165451
165453
165454
165455
165456
165457
165459
165460
165461
165462
165463
165464
165465
165466
165467
165468
165469
165470
165471
165472
165473
165474
165475
165476
165477
165478
165479
165480
165481
165482
165483
165484
165485
165486
165487
165488
165489
165490
165491
165492
165493
165494
165495
165496
165497
165498
165499
165500
165501
165502
165504
165505
165506
165507
165508
165509
165510
165511
165512
165513
165514
165515
165516
165517
165518
165519
165520
165522
165523
165525
165526
165527
165528
165529
165530
165531
165532
165533
165534
165536
165537
165538
165539
165540
165544
165548
165549
165550
165553
165554
165555
165556
165557
165558
165560
165561
165562
165564
165566
165567
165568
165569
165570
165571
165573
165574
165575
165576
165577
165578
165579
165580
165581
165582
165584
165585
165586
165587
165588
165589
165591
165593
165594
165595
165596
165597
165598
165600
165601
165602
165603
165606
165607
165608
165610
165611
165612
165614
165615
165616
165617
165618
165619
165620
165622
165623
165624
165625
165626
165628
165630
165631
165632
165633
165634
165635
165636
165637
165640
165641
165642
165644
165645
165646
165647
165649
165650
165651
165652
165653
165654
165656
165657
165658
165659
165660
165661
165662
165663
165664
165665
165666
165667
165668
165669
165671
165672
165673
165674
165675
165676
165677
165678
165679
165680
165681
165682
165683
165684
165685
165686
165687
165688
165689
165690
165691
165692
165693
165694
165695
165696
165697
165698
165699
165700
165701
165702
165703
165704
165705
165706
165707
165708
165709
165710
165711
165712
165713
165714
165715
165716
165717
165718
165719
165720
165721
165722
165723
165724
165725
165726
165727
165728
165729
165730
165731
165732
165733
165734
165735
165736
165737
165738
165739
165740
165741
165742
165743
165748
165750
165752
165753
165754
165755
165756
165757
165758
165759
165760
165761
165762
165763
165764
165765
165766
165767
165768
165769
165770
165771
165772
165773
165774
165775
165776
165777
165778
165779
165780
165781
165782
165783
165784
165785
165789
165790
165791
165792
165793
165794
165795
165796
165797
165798
165799
165800
165801
165802
165803
165804
165805
165806
165807
165808
165809
165810
165811
165812
165813
165814
165816
165817
165818
165819
165820
165821
165822
165823
165824
165825
165826
165827
165828
165829
165830
165831
165832
165833
165834
165835
165836
165837
165838
165839
165840
165841
165842
165843
165844
165845
165846
165847
165848
165849
165850
165851
165852
165853
165854
165855
165856
165858
165859
165860
165861
165862
165863
165864
165865
165866
165867
165868
165869
165870
165871
165872
165873
165874
165875
165876
165877
165878
165879
165880
165881
165882
165883
165884
165885
165886
165887
165888
165889
165890
165891
165892
165893
165894
165895
165896
165897
165898
165899
165900
165901
165902
165903
165904
165906
165907
165908
165909
165910
165911
165913
165914
165915
165916
165917
165918
165919
165920
165921
165922
165923
165924
165925
165926
165927
165928
165929
165930
165931
165933
165934
165935
165936
165937
165938
165939
165940
165941
165942
165943
165944
165945
165946
165947
165948
165949
165950
165951
165952
165953
165954
165955
165956
165957
165958
165959
165960
165961
165962
165963
165964
165965
165966
165967
165969
165970
165971
165972
165974
165975
165976
165978
165979
165980
165981
165982
165984
165985
165986
165987
165988
165989
165990
165991
165992
165993
165994
165995
165996
165997
165998
165999
166000
166001
166002
166003
166004
166005
166006
166007
166008
166009
166010
166011
166012
166013
166014
166015
166016
166017
166018
166019
166020
166021
166023
166024
166025
166026
166027
166028
166029
166030
166031
166032
166033
166034
166035
166036
166037
166038
166039
166040
166041
166042
166043
166044
166045
166046
166047
166048
166049
166050
166051
166052
166053
166054
166055
166056
166058
166061
166062
166064
166067
166068
166069
166070
166071
166072
166073
166074
166075
166076
166077
166078
166079
166080
166081
166082
166083
166084
166085
166086
166087
166088
166089
166090
166091
166092
166093
166094
166095
166096
166097
166098
166099
166100
166101
166102
166103
166104
166105
166106
166107
166108
166109
166110
166111
166112
166113
166114
166115
166116
166117
166118
166119
166120
166121
166122
166123
166124
166125
166126
166127
166128
166129
166130
166132
166133
166134
166135
166136
166137
166138
166139
166140
166141
166142
166143
166144
166145
166146
166147
166148
166149
166150
166151
166152
166153
166154
166155
166156
166157
166158
166159
166160
166161
166162
166163
166164
166165
166166
166168
166169
166170
166171
166173
166175
166176
166177
166178
166179
166181
166182
166183
166184
166185
166186
166187
166188
166189
166190
166191
166192
166193
166194
166195
166196
166197
166198
166199
166200
166201
166203
166204
166205
166206
166207
166208
166209
166210
166211
166212
166213
166214
166215
166216
166217
166218
166219
166220
166221
166222
166223
166224
166225
166226
166227
166228
166229
166230
166231
166232
166233
166237
166239
166240
166242
166244
166245
166246
166247
166248
166249
166250
166251
166252
166253
166254
166255
166258
166259
166260
166261
166263
166264
166265
166266
166267
166268
166270
166273
166274
166275
166276
166277
166278
166279
166280
166281
166282
166283
166284
166285
166286
166287
166288
166289
166290
166293
166294
166295
166296
166297
166298
166299
166300
166301
166302
166303
166304
166305
166306
166307
166308
166309
166310
166311
166312
166313
166315
166316
166317
166318
166319
166320
166321
166322
166323
166324
166325
166326
166327
166328
166329
166330
166331
166332
166334
166335
166336
166337
166338
166339
166340
166341
166342
166343
166344
166345
166346
166347
166348
166349
166350
166351
166352
166353
166354
166355
166356
166357
166358
166359
166360
166361
166362
166363
166364
166365
166366
166367
166368
166369
166370
166371
166372
166373
166374
166375
166376
166377
166378
166379
166380
166381
166382
166383
166384
166385
166386
166387
166388
166389
166390
166391
166392
166393
166394
166395
166397
166398
166399
166400
166401
166402
166403
166404
166405
166408
166409
166411
166413
166414
166415
166416
166417
166419
166420
166421
166422
166423
166424
166425
166426
166428
166429
166430
166431
166432
166433
166434
166435
166436
166439
166440
166441
166442
166443
166444
166445
166446
166447
166448
166449
166451
166452
166453
166454
166455
166456
166457
166458
166459
166460
166461
166462
166463
166464
166465
166467
166471
166472
166473
166474
166475
166476
166477
166478
166479
166480
166481
166482
166483
166484
166485
166486
166487
166488
166489
166490
166493
166499
166500
166504
166506
166510
166512
166514
166516
166517
166519
166524
166525
166526
166529
166532
166533
166534
166535
166538
166539
166540
166541
166542
166543
166544
166545
166547
166548
166551
166554
166555
166556
166557
166558
166559
166560
166561
166565
166566
166567
166569
166570
166572
166573
166575
166576
166577
166578
166579
166580
166581
166582
166583
166584
166585
166586
166588
166589
166590
166591
166592
166593
166594
166595
166596
166597
166598
166599
166600
166601
166602
166603
166604
166605
166606
166608
166610
166613
166614
166615
166617
166618
166619
166620
166621
166622
166623
166624
166625
166627
166629
166631
166634
166635
166636
166637
166639
166640
166641
166642
166643
166644
166645
166647
166648
166649
166650
166651
166652
166653
166654
166655
166656
166657
166658
166659
166660
166661
166662
166663
166664
166665
166666
166667
166668
166669
166670
166671
166672
166673
166674
166675
166676
166677
166678
166679
166680
166681
166682
166683
166684
166685
166686
166688
166689
166690
166691
166692
166693
166694
166695
166696
166697
166699
166725
166742
166757
166759
166761
166765
166771
166775
166790
166797
166802
166809
166813
166815
166820
166822
166825
166836
166838
166840
166841
166842
166843
166844
166845
166846
166847
166848
166849
166850
166851
166852
166853
166854
166855
166856
166857
166858
166859
166860
166861
166862
166863
166864
166865
166866
166867
166868
166869
166870
166871
166872
166873
166874
166875
166876
166877
166878
166879
166880
166881
166882
166883
166896
166897
166898
166899
166900
166901
166902
166903
166904
166905
166906
166907
166908
166909
166910
166911
166914
166916
166923
166924
166930
166932
166933
166935
166936
166937
166938
166941
166943
166945
166946
166949
166950
166951
166953
166954
166956
166957
166958
166961
166965
166968
166971
166976
166979
166982
166983
166987
166988
166990
166991
166993
166994
166995
166997
166999
167000
167001
167002
167003
167004
167006
167007
167009
167010
167011
167012
167013
167014
167015
167017
167022
167026
167032
167033
167034
167036
167037
167038
167039
167040
167041
167042
167044
167045
167046
167047
167050
167051
167052
167053
167056
167057
167058
167063
167064
167065
167066
167067
167068
167069
167070
167071
167072
167074
167075
167076
167077
167078
167079
167080
167081
167082
167083
167084
167085
167086
167087
167088
167089
167090
167091
167092
167093
167094
167095
167096
167097
167098
167099
167100
167101
167102
167103
167105
167106
167107
167110
167114
167115
167116
167117
167118
167119
167121
167123
167124
167126
167130
167131
167132
167133
167134
167135
167137
167138
167139
167140
167141
167142
167143
167144
167145
167146
167147
167148
167149
167150
167151
167152
167153
167154
167155
167156
167157
167159
167160
167161
167162
167168
167169
167171
167178
167179
167180
167181
167182
167183
167184
167186
167187
167189
167190
167196
167199
167200
167203
167205
167206
167207
167209
167211
167213
167215
167217
167218
167220
167221
167222
167223
167226
167227
167233
167234
167235
167237
167241
167243
167248
167252
167253
167254
167256
167257
167263
167264
167266
167270
167271
167273
167274
167277
167278
167279
167280
167281
167282
167285
167286
167287
167288
167289
167290
167292
167293
167294
167295
167296
167297
167298
167299
167300
167302
167304
167305
167306
167307
167309
167310
167311
167312
167313
167315
167316
167318
167321
167322
167324
167325
167327
167328
167329
167330
167332
167333
167336
167337
167338
167339
167340
167341
167342
167343
167344
167345
167347
167348
167349
167350
167351
167352
167353
167354
167355
167356
167357
167358
167359
167360
167361
167362
167363
167364
167365
167366
167367
167368
167369
167370
167371
167372
167373
167374
167375
167376
167377
167378
167379
167380
167381
167382
167383
167384
167385
167386
167387
167388
167389
167390
167391
167392
167393
167394
167395
167396
167397
167398
167399
167400
167401
167402
167403
167404
167405
167406
167407
167408
167411
167412
167413
167414
167415
167416
167417
167418
167419
167420
167421
167422
167423
167424
167425
167426
167427
167428
167429
167430
167431
167432
167433
167434
167435
167436
167437
167438
167439
167440
167441
167442
167443
167444
167445
167446
167447
167448
167449
167450
167451
167452
167453
167454
167455
167458
167459
167460
167461
167462
167463
167464
167465
167466
167467
167468
167469
167470
167471
167472
167473
167474
167475
167476
167477
167478
167479
167480
167481
167482
167483
167484
167485
167486
167487
167488
167489
167490
167491
167492
167493
167494
167495
167496
167497
167498
167499
167500
167501
167502
167503
167504
167505
167506
167507
167508
167509
167510
167511
167512
167513
167514
167515
167516
167517
167518
167519
167520
167521
167522
167523
167525
167526
167529
167530
167532
167534
167536
167544
167545
167546
167547
167548
167552
167553
167555
167557
167559
167562
167566
167568
167570
167571
167572
167576
167577
167579
167581
167582
167583
167585
167586
167587
167588
167589
167590
167592
167594
167595
167596
167597
167598